NUMSECCENS;En alquiler;En propiedad;Otro régimen de tenencia
1001.0;0.2516778523489933;0.6510067114093959;0.09731543624161074
1003.0;0.16666666666666666;0.7419354838709677;0.0913978494623656
1004.0;0.2524271844660194;0.6310679611650486;0.11650485436893204
2002.0;0.1871345029239766;0.7602339181286549;0.05263157894736842
2003.0;0.05970149253731343;0.9104477611940298;0.029850746268656716
2004.0;0.14705882352941177;0.7941176470588235;0.058823529411764705
2006.0;0.19597989949748743;0.7185929648241206;0.08542713567839195
2009.0;0.178743961352657;0.7439613526570048;0.07729468599033816
2012.0;0.15730337078651685;0.7415730337078652;0.10112359550561797
2013.0;0.09361702127659574;0.8723404255319149;0.03404255319148936
2020.0;0.14953271028037382;0.7663551401869159;0.08411214953271028
2023.0;0.16374269005847952;0.7660818713450293;0.07017543859649122
2024.0;0.17486338797814208;0.7595628415300546;0.06557377049180328
2026.0;0.10843373493975904;0.8313253012048193;0.060240963855421686
2027.0;0.1003584229390681;0.8315412186379928;0.06810035842293907
2028.0;0.19597989949748743;0.678391959798995;0.12562814070351758
2030.0;0.12444444444444444;0.8311111111111111;0.044444444444444446
2032.0;0.12574850299401197;0.8203592814371258;0.05389221556886228
2041.0;0.08040201005025126;0.8844221105527639;0.035175879396984924
2044.0;0.08737864077669903;0.8737864077669902;0.038834951456310676
2048.0;0.09844559585492228;0.8549222797927462;0.046632124352331605
2049.0;0.0867579908675799;0.8858447488584474;0.0273972602739726
2050.0;0.09716599190283401;0.8582995951417004;0.044534412955465584
3003.0;0.23423423423423423;0.6801801801801802;0.08558558558558559
4001.0;0.2288135593220339;0.673728813559322;0.09745762711864407
4003.0;0.24603174603174602;0.6865079365079365;0.06746031746031746
4004.0;0.14594594594594595;0.7783783783783784;0.07567567567567568
4007.0;0.18324607329842932;0.7382198952879581;0.07853403141361257
4009.0;0.14096916299559473;0.762114537444934;0.09691629955947137
5002.0;0.24092409240924093;0.6732673267326733;0.0858085808580858
6002.0;0.10194174757281553;0.8543689320388349;0.043689320388349516
6007.0;0.1276595744680851;0.824468085106383;0.047872340425531915
6010.0;0.2048780487804878;0.7121951219512195;0.08292682926829269
6011.0;0.140625;0.78125;0.078125
6012.0;0.1346153846153846;0.7932692307692307;0.07211538461538461
6013.0;0.18181818181818182;0.7381818181818182;0.08
6016.0;0.2;0.7135135135135136;0.08648648648648649
6017.0;0.1676300578034682;0.7803468208092486;0.05202312138728324
6019.0;0.2384937238493724;0.6652719665271967;0.09623430962343096
6022.0;0.30660377358490565;0.589622641509434;0.10377358490566038
6023.0;0.09659090909090909;0.8522727272727273;0.05113636363636364
6025.0;0.09574468085106383;0.8723404255319149;0.031914893617021274
6027.0;0.2958579881656805;0.5857988165680473;0.11834319526627218
6028.0;0.1526479750778816;0.7850467289719626;0.06230529595015576
6031.0;0.10344827586206896;0.8275862068965517;0.06896551724137931
6039.0;0.06951871657754011;0.893048128342246;0.0374331550802139
6048.0;0.18009478672985782;0.7582938388625592;0.061611374407582936
7001.0;0.2710843373493976;0.6204819277108434;0.10843373493975904
7005.0;0.06878306878306878;0.9047619047619048;0.026455026455026454
7006.0;0.21637426900584794;0.672514619883041;0.1111111111111111
7009.0;0.16417910447761194;0.7412935323383084;0.0945273631840796
7011.0;0.1956521739130435;0.7304347826086957;0.07391304347826087
7013.0;0.19680851063829788;0.7287234042553191;0.07446808510638298
7016.0;0.178743961352657;0.7294685990338164;0.09178743961352658
7023.0;0.13157894736842105;0.7894736842105263;0.07894736842105263
7026.0;0.30042918454935624;0.6008583690987125;0.09871244635193133
7027.0;0.05952380952380952;0.9226190476190477;0.017857142857142856
7034.0;0.1895910780669145;0.7360594795539034;0.07434944237918216
7035.0;0.10695187165775401;0.8128342245989305;0.08021390374331551
7037.0;0.23076923076923078;0.6615384615384615;0.1076923076923077
7042.0;0.1414141414141414;0.803030303030303;0.05555555555555555
7043.0;0.09745762711864407;0.8389830508474576;0.0635593220338983
7046.0;0.13100436681222707;0.8165938864628821;0.05240174672489083
7048.0;0.14225941422594143;0.8075313807531381;0.0502092050209205
7050.0;0.2374429223744292;0.684931506849315;0.0776255707762557
7051.0;0.11578947368421053;0.8473684210526315;0.03684210526315789
7058.0;0.1878453038674033;0.7071823204419889;0.10497237569060773
7059.0;0.18452380952380953;0.7083333333333334;0.10714285714285714
7065.0;0.14444444444444443;0.7722222222222223;0.08333333333333333
7066.0;0.16748768472906403;0.7586206896551724;0.07389162561576355
7067.0;0.1485148514851485;0.801980198019802;0.04950495049504951
7068.0;0.1834319526627219;0.7041420118343196;0.11242603550295859
7070.0;0.14210526315789473;0.7684210526315789;0.08947368421052632
7071.0;0.06153846153846154;0.8769230769230769;0.06153846153846154
7072.0;0.1111111111111111;0.8290598290598291;0.05982905982905983
7074.0;0.084;0.88;0.036
7076.0;0.09042553191489362;0.8617021276595744;0.047872340425531915
7077.0;0.07834101382488479;0.8617511520737328;0.059907834101382486
7078.0;0.13186813186813187;0.7967032967032966;0.07142857142857142
7082.0;0.06529209621993128;0.9037800687285223;0.030927835051546393
7089.0;0.08866995073891626;0.8719211822660099;0.03940886699507389
7090.0;0.08849557522123894;0.8761061946902655;0.035398230088495575
7091.0;0.045454545454545456;0.9265734265734266;0.027972027972027972
7092.0;0.1271186440677966;0.8347457627118644;0.038135593220338986
8001.0;0.12962962962962962;0.8009259259259259;0.06944444444444445
8003.0;0.1043956043956044;0.8241758241758241;0.07142857142857142
8004.0;0.17647058823529413;0.755656108597285;0.06787330316742081
8005.0;0.12138728323699421;0.815028901734104;0.06358381502890173
8006.0;0.045081967213114756;0.9221311475409836;0.03278688524590164
8007.0;0.0967741935483871;0.8440860215053764;0.05913978494623656
8010.0;0.08518518518518518;0.8851851851851852;0.02962962962962963
8011.0;0.11255411255411256;0.8268398268398268;0.06060606060606061
8012.0;0.16816816816816818;0.7807807807807807;0.05105105105105105
8013.0;0.125;0.8303571428571429;0.044642857142857144
8015.0;0.17766497461928935;0.7157360406091371;0.1065989847715736
8017.0;0.1941747572815534;0.7281553398058253;0.07766990291262135
8020.0;0.10880829015544041;0.8341968911917098;0.05699481865284974
8021.0;0.060109289617486336;0.8688524590163934;0.07103825136612021
8027.0;0.11428571428571428;0.8285714285714286;0.05714285714285714
8028.0;0.09433962264150944;0.8566037735849057;0.04905660377358491
8029.0;0.1484375;0.796875;0.0546875
8030.0;0.13522012578616352;0.8207547169811321;0.0440251572327044
8031.0;0.11538461538461539;0.8461538461538461;0.038461538461538464
8033.0;0.11923076923076924;0.8538461538461538;0.026923076923076925
8034.0;0.13872832369942195;0.7976878612716763;0.06358381502890173
8035.0;0.06440677966101695;0.9016949152542373;0.03389830508474576
8039.0;0.07;0.895;0.035
8040.0;0.0661764705882353;0.9007352941176471;0.03308823529411765
8041.0;0.10152284263959391;0.8477157360406091;0.050761421319796954
8042.0;0.0842911877394636;0.8620689655172413;0.05363984674329502
8043.0;0.08650519031141868;0.8823529411764706;0.031141868512110725
8044.0;0.05964912280701754;0.9052631578947369;0.03508771929824561
8054.0;0.07352941176470588;0.8786764705882353;0.04779411764705882
8055.0;0.10714285714285714;0.8367346938775511;0.05612244897959184
8056.0;0.12432432432432433;0.8108108108108109;0.06486486486486487
8057.0;0.08116883116883117;0.8733766233766234;0.045454545454545456
8058.0;0.16532258064516128;0.7701612903225806;0.06451612903225806
8059.0;0.07423580786026202;0.9039301310043668;0.021834061135371178
8061.0;0.08992805755395683;0.8812949640287769;0.02877697841726619
8063.0;0.11077844311377245;0.8473053892215568;0.041916167664670656
8066.0;0.13522012578616352;0.8113207547169812;0.05345911949685535
8068.0;0.09375;0.875;0.03125
8069.0;0.07329842931937172;0.8743455497382199;0.05235602094240838
8070.0;0.07766990291262135;0.8737864077669902;0.04854368932038835
8072.0;0.11442786069651742;0.835820895522388;0.04975124378109453
9001.0;0.16145833333333334;0.765625;0.07291666666666667
9003.0;0.12552301255230125;0.799163179916318;0.07531380753138076
9004.0;0.12962962962962962;0.8009259259259259;0.06944444444444445
9006.0;0.13877551020408163;0.7877551020408163;0.07346938775510205
9007.0;0.1988472622478386;0.7204610951008645;0.08069164265129683
9010.0;0.14814814814814814;0.7671957671957672;0.08465608465608465
9011.0;0.1111111111111111;0.8271604938271605;0.06172839506172839
9012.0;0.12727272727272726;0.7954545454545454;0.07727272727272727
9014.0;0.19047619047619047;0.7023809523809523;0.10714285714285714
9021.0;0.08287292817679558;0.7955801104972375;0.12154696132596685
9023.0;0.09230769230769231;0.8666666666666667;0.041025641025641026
9025.0;0.35;0.5333333333333333;0.11666666666666667
9027.0;0.2767857142857143;0.6160714285714286;0.10714285714285714
9034.0;0.14285714285714285;0.8114285714285714;0.045714285714285714
9036.0;0.19658119658119658;0.7307692307692307;0.07264957264957266
9038.0;0.11320754716981132;0.8207547169811321;0.0660377358490566
9039.0;0.1695906432748538;0.7485380116959064;0.08187134502923976
9040.0;0.2346368715083799;0.6368715083798883;0.12849162011173185
9046.0;0.12727272727272726;0.8045454545454546;0.06818181818181818
9052.0;0.1574468085106383;0.7872340425531915;0.05531914893617021
9053.0;0.08426966292134831;0.8707865168539326;0.0449438202247191
9056.0;0.19072164948453607;0.7577319587628866;0.05154639175257732
9059.0;0.11176470588235295;0.8235294117647058;0.06470588235294118
9067.0;0.14871794871794872;0.8102564102564103;0.041025641025641026
9083.0;0.11904761904761904;0.8142857142857143;0.06666666666666667
10001.0;0.18339100346020762;0.740484429065744;0.07612456747404844
10002.0;0.12987012987012986;0.8008658008658008;0.06926406926406926
10003.0;0.12916666666666668;0.8166666666666667;0.05416666666666667
10009.0;0.10857142857142857;0.8285714285714286;0.06285714285714286
10010.0;0.1111111111111111;0.8232323232323232;0.06565656565656566
10013.0;0.09195402298850575;0.8275862068965517;0.08045977011494253
10015.0;0.14285714285714285;0.8076923076923077;0.04945054945054945
10016.0;0.1625;0.7666666666666667;0.07083333333333333
10018.0;0.135;0.82;0.045
10019.0;0.049723756906077346;0.9171270718232044;0.03314917127071823
10021.0;0.06285714285714286;0.8971428571428571;0.04
10022.0;0.11428571428571428;0.8228571428571428;0.06285714285714286
10023.0;0.10087719298245613;0.8552631578947368;0.043859649122807015
10026.0;0.06321839080459771;0.896551724137931;0.040229885057471264
10033.0;0.13636363636363635;0.8181818181818182;0.045454545454545456
10034.0;0.109375;0.8359375;0.0546875
10035.0;0.09195402298850575;0.8563218390804598;0.05172413793103448
10040.0;0.1130952380952381;0.7976190476190477;0.08928571428571429
10043.0;0.13592233009708737;0.8106796116504854;0.05339805825242718
10046.0;0.10179640718562874;0.8023952095808383;0.09580838323353294
10052.0;0.08490566037735849;0.8726415094339622;0.04245283018867924
10056.0;0.06043956043956044;0.9010989010989011;0.038461538461538464
10066.0;0.15577889447236182;0.7788944723618091;0.06532663316582915
10068.0;0.03888888888888889;0.9277777777777778;0.03333333333333333
10069.0;0.14772727272727273;0.7954545454545454;0.056818181818181816
10070.0;0.132;0.816;0.052
10071.0;0.13805970149253732;0.7910447761194029;0.0708955223880597
10072.0;0.11653116531165311;0.8428184281842819;0.04065040650406504
11002.0;0.11469534050179211;0.8422939068100358;0.043010752688172046
11003.0;0.07723577235772358;0.8943089430894309;0.028455284552845527
11004.0;0.07174887892376682;0.9013452914798207;0.026905829596412557
11006.0;0.11764705882352941;0.8333333333333334;0.049019607843137254
11007.0;0.0860655737704918;0.8688524590163934;0.045081967213114756
11010.0;0.13170731707317074;0.8292682926829268;0.03902439024390244
11013.0;0.1;0.8666666666666667;0.03333333333333333
